266
254
173
174
175
173
176
175
175
175
176
177
180
186
180
177
174
178
176
140
139
135
136
136
135
139
138
136
138
133
148
140
136
135
135
137
139
138
140
142
139
141
142
139
124
122
90
231
234
81
81
86
82
85
92
64
64
66
64
66
66
64
65
66
72
63
40
42
41
34
43
39
71
64
65
66
60
66
64
64
70
65
75
74
75
61
63
195881
60
62
60
63
89
86
87
79
99
88
80
78
78
86
90
79
87
87
65
62
64
64
64
65
62
63
66
65
84
80
78
80
79
64
64
64
62
68
71
70
72
130
62
85
77
75
91
75
82
73
75
104
122
103
110
111
105
104
105
104
105
123
128
113
108
123
122
106
22
23
22
22
23
104
80
75
77
75
76
76
77
74
66
67
66
65
66
65
69
66
66
71
76
68
72
67
69
69
71
68
68
70
66
71
67
78
69
69
65
71
65
71
68
64
66
64
64
53
54
53
55
55
53
53
54
53
54
55
53
56
53
54
54
55
55
53
53
55
54
55
52
71
70
70
66
69
53
56
58
57
54
71
54
54
53
70
53
54
52
54
53
51
54
54
17
16
17
16
17
67348
17
18
16
15
59
53
55
40420
53
55
57
53
56
55
54
54
54
55
55
53
53
53
53
32
35
32
32
33
33
32
59
64
32
32
16
17
16
34
34
34
33
33
32
33
34
34
32
32
32
33
33
32
33
32
32
31
33
33
32
32
33
31
32
33
32
33
32
33
33
32
33
34
33
34
32
36
35
34
33
35
35
31
34
34
35
36
32
32
